4294967294,0
4294967278,97
4294967278,96
4294967278,94
4294967278,87
4294967278,86
4294967278,85
4294967278,84
4294967278,82
4294967278,75
4294967278,74
4294967278,72
4294967278,66
4294967278,65
4294967278,64
4294967278,63
4294967278,61
4294967278,54
4294967278,53
4294967278,51
4294967278,42
4294967278,41
4294967278,40
4294967278,39
4294967278,37
4294967278,27
4294967279,131
4294967279,86
4294967279,85
4294967279,83
4294967279,77
4294967279,76
4294967279,75
4294967279,74
4294967279,72
4294967279,65
4294967279,64
4294967279,62
4294967279,56
4294967279,55
4294967279,54
4294967279,53
4294967279,51
4294967279,41
4294967279,40
4294967279,38
4294967279,29
4294967279,28
4294967279,27
4294967279,26
193,0
193,10
198,20
198,24
198,82
198,522
198,25
176,10
198,50
198,517
198,33
198,451
198,42
198,343
198,60
198,52
198,94
198,74
198,79
4294967278,310
198,337
198,350
198,538
198,95
198,710
198,704
198,99
198,553
198,102
198,352
198,713
198,523
198,469
198,110
198,479
198,527
198,718
198,109
198,115
198,119
198,453
198,116
198,719
198,124
198,757
198,123
198,88
198,261
198,528
198,257
198,490
198,341
198,267
198,256
198,122
198,268
198,473
198,342
198,274
198,276
198,281
198,278
198,280
198,285
198,283
198,48
198,457
198,519
198,726
198,322
198,279
198,290
198,324
198,520
198,323
198,725
198,723
198,118
198,326
198,298
198,295
198,512
198,294
198,327
198,514
198,329
198,513
4294967278,336
198,449
198,516
198,728
198,333
198,334
198,307
198,458
198,330
198,310
198,309
198,308
198,524
198,328
198,529
198,311
198,69
198,67
198,53
198,760
198,477
198,530
198,462
198,273
198,78
198,70
198,68
198,711
198,533
198,448
198,92
198,91
4294967279,268
4294967278,447
198,712
198,536
198,482
198,474
198,717
198,113
198,112
198,76
198,485
198,356
198,86
198,721
198,720
198,120
198,705
198,731
198,729
198,299
198,41
198,360
198,515
198,306
198,32
198,535
198,736
198,735
198,733
198,732
198,727
198,312
198,369
198,314
198,313
4294967278,379
198,748
198,737
198,554
198,319
198,318
4294967278,383
198,555
198,487
198,103
198,72
198,756
198,758
198,759
233,25
233,30
233,36
233,57
233,61
233,31
233,192
233,43
233,49
233,54
233,53
233,56
235,0
235,10
235,22
235,13
235,21
237,10
237,11
237,15
237,13
237,21
237,30
237,20
237,24
237,31
237,34
237,25
237,39
237,40
237,44
237,89
237,46
237,57
237,61
237,65
237,66
237,56
237,72
237,70
237,58
237,75
237,38
237,50
237,51
237,53
237,74
237,64
237,80
240,0
240,36
240,30
240,34
240,32
240,39
242,0
242,27
242,12
242,11
242,13
242,31
242,14
242,20
242,39
243,10
243,14
243,13
243,19
243,18
243,23
243,33
243,49
243,55
243,9
243,42
248,10
248,13
248,12
248,17
248,22
248,20
248,25
248,29
248,32
248,35
248,38
248,42
248,41
248,48
248,46
248,54
248,57
248,61
248,63
248,129
248,131
248,133
248,132
248,193
248,195
248,196
248,200
248,202
248,203
248,207
248,209
248,210
248,214
248,216
248,217
248,221
248,223
248,224
248,228
248,231
248,229
248,232
248,235
248,236
301,0
301,10
301,14
301,18
301,24
301,30
301,34
301,48
301,44
311,0
311,11
311,23
314,0
314,16
314,32
314,18
314,33
314,42
333,24
333,36
333,42
333,48
333,56
365,2
365,4
365,5
366,1
366,2
366,4
366,5
387,129
387,35
387,17
387,18
387,13
387,192
387,193
387,33
387,24
387,128
4294967278,640
387,100
176,370
387,195
387,44
387,99
4294967278,639
176,234
176,233
176,369
387,98
4294967278,638
176,368
387,97
387,194
387,0
387,63
387,96
176,367
4294967278,637
176,232
387,95
176,366
4294967278,636
387,94
176,365
387,93
387,133
387,130
4294967278,635
176,364
387,92
176,231
176,363
4294967278,634
387,132
387,91
387,131
387,32
176,362
387,90
4294967278,633
176,361
387,89
176,230
4294967278,632
176,360
387,88
387,87
176,359
4294967278,631
387,86
176,358
176,229
4294967278,630
387,85
176,357
387,84
4294967278,629
176,356
387,83
176,355
387,49
176,228
4294967278,628
387,82
387,81
176,354
4294967278,627
387,80
176,353
387,62
387,61
387,79
4294967278,626
176,227
176,352
387,78
387,10
176,351
4294967278,625
387,77
176,350
387,76
4294967278,624
176,226
176,349
387,75
4294967278,623
176,348
387,74
387,60
387,59
387,73
4294967278,622
176,347
176,225
387,72
176,346
4294967278,621
387,71
176,345
387,70
4294967278,620
176,344
387,69
176,224
387,58
4294967278,619
176,343
387,68
176,342
387,67
387,53
4294967278,618
387,66
176,341
176,223
4294967278,617
387,65
176,340
387,64
4294967278,616
387,15
176,339
387,57
387,56
176,338
176,222
4294967278,615
387,55
176,337
387,54
387,45
4294967278,614
176,336
387,52
4294967278,613
176,221
176,335
387,51
387,50
176,334
4294967278,612
387,48
387,47
176,333
4294967278,611
387,46
387,11
176,220
176,332
387,43
4294967278,610
176,331
387,42
176,330
4294967278,609
387,41
176,219
176,329
387,40
4294967278,608
387,39
387,38
176,328
387,37
4294967278,607
387,36
387,22
176,327
176,218
387,34
4294967278,606
176,326
387,31
176,325
4294967278,605
387,30
176,324
387,29
176,217
387,28
4294967278,604
176,323
387,27
387,26
4294967278,603
176,322
387,25
176,321
176,0
176,216
4294967278,602
387,23
176,320
4294967278,601
387,21
176,319
387,20
4294967278,600
176,215
176,318
387,19
176,317
4294967278,599
387,16
176,316
387,14
4294967278,598
176,214
387,12
176,315
387,5
4294967278,597
387,9
176,314
387,8
176,313
4294967278,596
387,7
387,6
176,213
176,312
247,2
4294967278,433
245,2
4294967278,408
4294967278,260
4294967278,279
4294967278,48
4294967278,35
4294967278,26
4294967278,24
4294967278,15
4294967278,14
4294967278,13
4294967278,12
4294967278,10
4294967278,8
4294967279,49
4294967279,35
4294967279,24
4294967279,14
4294967279,13
4294967279,11
4294967279,8
4294967278,595
4294967279,501
4294967278,441
4294967278,337
4294967278,231
4294967278,215
4294967278,293
4294967294,1554
4294967294,1500
4294967294,25
4294967294,1422
4294967294,1417
366,9
366,0
4294967278,594
366,8
176,311
366,7
366,6
4294967278,593
176,310
4294967294,1464
365,7
365,0
365,6
4294967279,231
4294967279,0
4294967278,281
339,5
339,4
333,129
333,128
176,212
333,102
4294967278,592
176,309
333,101
176,308
333,100
333,0
4294967278,591
333,63
333,99
176,307
333,98
176,211
4294967278,590
176,306
333,97
333,62
333,96
4294967278,589
176,305
333,95
176,304
4294967278,588
176,210
333,94
333,61
333,93
176,303
333,92
4294967278,587
176,302
333,91
333,59
4294967278,586
333,90
176,301
333,60
176,209
333,89
176,300
4294967278,585
333,58
333,88
176,299
333,87
4294967278,584
176,208
176,298
333,86
333,57
4294967294,5
4294967278,583
176,297
333,85
333,84
4294967278,582
176,296
333,83
176,207
333,82
333,81
176,295
4294967278,581
333,80
176,294
333,55
333,79
4294967278,580
176,293
333,78
176,206
4294967278,579
176,292
333,54
333,77
333,76
176,291
4294967278,578
333,75
333,74
333,73
333,72
333,71
333,70
176,290
333,53
333,69
333,68
176,205
4294967278,577
333,67
176,289
333,66
4294967278,576
333,65
333,50
176,288
333,64
176,287
4294967278,575
333,52
176,204
333,51
333,46
176,286
333,49
4294967278,574
176,285
333,47
4294967278,573
176,284
176,203
333,45
333,44
176,283
333,43
4294967278,572
333,37
333,41
176,282
4294967278,571
333,40
176,202
176,281
333,39
333,38
4294967278,570
333,31
176,280
333,35
333,34
333,33
176,279
4294967278,569
333,32
176,201
333,17
176,278
333,30
4294967278,568
333,29
333,28
176,277
333,27
333,26
333,14
4294967278,567
333,25
176,276
333,23
176,200
4294967278,566
176,275
333,22
333,21
333,11
333,20
176,274
333,19
4294967278,565
333,18
333,16
176,273
333,15
333,10
176,199
4294967278,564
333,13
176,272
333,12
333,5
4294967278,563
176,271
333,9
333,8
176,270
333,7
333,1
333,6
333,2
4294967278,562
176,198
4294967279,452
4294967278,381
333,4
314,45
176,269
4294967278,561
314,44
314,43
314,25
176,268
314,14
314,41
4294967278,560
176,267
176,197
314,40
176,266
4294967278,559
314,39
314,38
176,265
314,37
4294967278,558
176,196
176,264
314,36
4294967278,557
176,263
314,35
176,262
314,34
4294967278,556
176,195
314,11
314,31
176,261
4294967278,555
314,30
176,260
4294967278,554
314,29
176,259
314,28
314,22
176,194
314,27
176,258
4294967278,553
314,26
176,257
4294967279,233
192,2
4294967278,552
314,24
176,256
314,23
176,193
4294967278,551
176,127
314,21
314,20
4294967278,550
176,126
314,19
176,125
314,17
176,192
4294967278,549
314,10
314,15
176,124
4294967278,548
314,13
176,123
314,12
4294967278,547
176,122
176,133
314,5
314,9
176,121
4294967278,546
314,8
314,7
314,1
314,6
314,2
176,120
4294967278,545
184,2
314,4
4294967279,390
312,4
311,24
311,22
311,21
4294967278,544
311,20
311,15
311,19
311,18
311,17
311,16
311,12
311,14
4294967278,543
311,13
311,5
311,10
311,9
311,8
4294967278,542
311,7
311,1
311,6
311,2
311,4
4294967279,462
304,6
304,5
304,4
301,53
301,52
301,51
301,47
301,50
301,49
4294967278,541
301,42
301,46
301,45
301,39
301,43
301,38
301,41
4294967278,540
301,40
301,35
301,37
301,36
4294967278,539
301,31
301,28
301,33
301,32
301,26
301,29
4294967278,538
301,27
301,23
301,25
301,17
301,20
4294967278,537
301,22
301,21
301,15
301,19
4294967278,536
4294967278,0
301,16
301,11
301,13
301,6
301,12
301,5
301,9
0,5
301,8
301,1
301,7
301,2
4294967278,535
4294967294,1430
301,4
299,4
265,9
265,8
265,7
265,6
265,5
265,4
4294967294,17
4294967294,39
4294967294,42
4294967294,67
4294967294,99
4294967294,76
4294967294,36
4294967294,41
4294967294,1548
4294967294,43
4294967294,1545
4294967294,51
4294967294,1482
4294967294,1423
4294967294,26
4294967294,82
4294967294,83
260,8
260,7
260,6
260,5
260,4
4294967294,1441
4294967294,187
4294967294,22
248,278
248,277
248,238
248,237
4294967278,534
248,276
248,275
248,233
248,274
248,273
4294967278,533
248,272
248,234
248,271
248,270
4294967278,532
248,269
248,268
248,230
248,267
4294967278,531
248,266
248,227
248,265
248,264
248,226
4294967278,530
248,263
248,262
248,225
248,261
4294967278,529
248,260
248,259
248,222
248,258
248,257
248,0
4294967278,528
248,256
248,127
248,126
4294967278,527
248,220
248,125
248,124
248,219
248,123
4294967278,526
248,122
248,218
248,121
248,120
4294967278,525
248,119
248,215
248,118
248,117
4294967278,524
248,116
248,115
248,114
248,213
4294967278,523
248,113
248,112
248,212
248,111
248,110
4294967278,522
248,211
248,109
248,108
248,107
4294967278,521
248,208
248,106
248,105
248,104
4294967278,520
248,103
248,102
248,206
248,101
4294967278,519
248,100
248,205
248,99
248,98
248,204
4294967278,518
248,97
248,96
248,95
248,94
4294967278,517
248,201
248,93
248,92
248,91
4294967278,516
248,90
248,199
248,89
248,88
4294967278,515
248,198
248,87
248,86
248,197
248,85
4294967278,514
248,84
248,83
248,82
248,194
4294967278,513
248,81
248,80
248,79
4294967278,512
248,78
248,192
248,77
248,76
248,75
4294967278,511
248,74
248,73
248,72
4294967278,510
248,130
248,71
248,70
248,128
248,69
4294967278,509
248,68
248,67
248,66
4294967278,508
248,60
248,65
248,64
248,62
4294967278,507
248,59
248,58
248,51
248,56
4294967278,506
248,55
248,53
248,52
248,50
248,49
4294967278,505
248,47
248,45
248,44
248,43
4294967278,504
248,40
248,39
248,34
248,37
4294967278,503
248,36
248,33
248,31
4294967278,502
248,30
248,24
248,28
248,27
4294967278,501
248,26
248,23
248,21
248,19
4294967278,500
248,18
248,16
248,15
4294967278,499
248,14
248,11
248,9
248,5
248,8
4294967278,498
248,7
248,1
248,6
248,2
4294967279,440
4294967294,1428
248,4
4294967278,445
247,6
247,5
247,4
4294967279,439
4294967294,1450
4294967294,7
4294967294,6
283,5
283,2
283,4
245,6
245,5
245,4
243,68
243,67
4294967278,497
243,66
243,61
243,40
243,65
243,0
243,64
243,60
243,46
243,59
243,58
243,57
243,53
243,56
243,36
4294967278,496
243,54
243,52
243,51
243,47
243,50
243,32
243,48
243,44
243,45
4294967278,495
243,43
243,41
243,39
243,38
243,37
243,35
4294967278,494
243,34
243,28
243,31
243,30
243,29
243,27
243,26
243,25
243,24
4294967278,493
243,22
243,21
243,20
243,17
243,16
243,15
243,12
4294967278,492
243,11
243,5
243,8
243,7
243,1
243,6
243,2
4294967278,318
67,2
243,4
242,21
242,41
242,40
242,29
4294967278,491
242,38
242,37
242,36
242,19
242,35
242,34
242,33
242,32
4294967278,490
242,30
242,28
242,26
242,25
242,24
4294967278,489
242,23
242,22
242,18
242,17
242,16
4294967278,488
242,15
242,6
242,5
242,10
242,9
242,8
242,1
242,7
242,2
4294967278,487
43,2
242,4
240,41
240,40
240,38
240,20
240,37
240,35
240,33
240,31
240,7
240,6
240,8
240,29
240,28
240,26
240,27
240,25
240,22
240,24
240,23
240,14
240,21
240,15
240,19
4294967278,486
240,18
240,17
240,16
240,5
240,13
240,12
240,11
240,10
240,1
240,9
240,2
4294967278,300
229,2
240,4
4294967294,1436
176,132
176,119
237,90
4294967278,485
237,88
237,87
237,0
237,128
237,86
176,118
